theta1 = [-150.0  -58.8  -20.9];
theta2 = [ -36.4   46.9   35.5];

